4294967278,337
4294967279,183
4294967278,181
4294967279,338
4294967278,180
4294967279,337
4294967279,336
4294967278,178
4294967279,335
4294967278,177
4294967279,334
4294967278,176
4294967279,333
4294967279,176
4294967278,27
4294967278,336
4294967279,175
4294967278,172
4294967279,173
4294967278,335
4294967279,172
4294967278,334
4294967279,171
4294967278,169
4294967279,170
4294967278,168
4294967278,167
4294967279,168
4294967279,167
4294967278,165
4294967279,332
4294967278,333
4294967279,164
4294967279,163
4294967278,332
4294967279,162
4294967278,331
4294967279,161
4294967278,330
4294967278,20
4294967279,21
4294967294,389
4294967294,120
4294967294,115
4294967279,158
21,6
4294967278,156
21,5
4294967279,156
21,4
4294967278,155
21,3
21,2
21,1
4294967279,155
4294967294,982
4294967279,331
4294967278,329
4294967278,152
4294967279,152
4294967278,328
4294967279,330
4294967279,329
4294967278,327
4294967279,149
4294967294,429
4294967278,326
4294967279,328
4294967278,17
4294967278,13
4294967278,11
4294967294,9
4294967294,107
4294967279,145
4294967294,94
4294967294,93
4294967294,96
4294967294,95
20,6
4294967279,144
20,5
20,4
4294967279,143
20,3
20,2
20,1
4294967279,327
4294967294,8
0,7
4294967294,38
4294967294,37
4294967294,40
4294967294,45
4294967294,44
4294967294,386
4294967294,387
4294967294,53
4294967294,413
4294967294,91
4294967294,88
4294967294,87
4294967294,85
4294967294,84
4294967279,142
4294967278,325
4294967279,326
4294967294,7
4294967294,6
4294967279,325
4294967279,260
4294967279,0
4294967278,137
4294967279,137
4294967279,276
4294967279,135
4294967278,324
4294967278,260
4294967278,0
4294967278,274
4294967279,324
4294967279,274
4294967294,76
4294967294,41
4294967294,43
4294967294,51
4294967294,52
4294967294,1035
4294967294,82
4294967278,323
4294967279,323
4294967278,322
4294967278,321
4294967279,322
4294967278,320
4294967279,321
4294967278,266
4294967279,320
4294967278,319
4294967279,157
4294967278,263
4294967279,264
4294967278,318
4294967279,319
4294967294,22
4294967279,318
4294967278,132
4294967278,131
4294967278,130
4294967278,129
4294967278,128
4294967278,127
4294967278,126
4294967278,125
4294967278,124
4294967278,123
4294967278,122
4294967278,121
4294967278,120
4294967278,119
4294967278,118
4294967278,117
4294967278,116
4294967278,115
4294967278,114
4294967278,113
4294967278,112
4294967278,111
4294967278,110
4294967278,109
4294967278,108
4294967278,107
4294967278,106
4294967278,105
4294967278,104
4294967278,103
4294967278,102
4294967278,101
4294967278,100
4294967278,99
4294967278,98
4294967278,97
4294967278,96
4294967278,95
4294967278,94
4294967278,93
4294967278,92
4294967278,91
4294967278,90
4294967278,89
4294967278,87
4294967278,86
4294967278,85
4294967278,84
4294967278,83
4294967278,82
4294967278,81
4294967278,80
4294967278,79
4294967278,78
4294967278,77
4294967278,76
4294967278,75
4294967278,74
4294967278,73
4294967278,72
4294967278,71
4294967278,70
4294967278,69
4294967278,68
4294967278,67
4294967278,66
4294967278,65
4294967278,64
4294967278,63
4294967278,62
4294967278,61
4294967278,60
4294967278,59
4294967278,58
4294967278,57
4294967278,56
4294967278,55
4294967278,54
4294967278,53
4294967278,52
4294967278,51
4294967278,50
4294967278,49
4294967278,48
4294967278,47
4294967278,46
4294967278,45
4294967278,44
4294967278,43
4294967278,42
4294967278,41
4294967278,40
4294967278,39
4294967278,38
4294967278,37
4294967278,36
4294967279,22
4294967279,19
4294967279,18
4294967279,16
4294967279,14
4294967279,13
4294967279,12
4294967279,11
4294967279,10
4294967279,9
4294967279,8
4294967279,7
4294967279,6
4294967279,5
4294967279,4
4294967278,317
4294967294,128
4294967294,437
4294967278,255
4294967294,5
4294967279,317
4294967278,316
4294967279,258
4294967294,17
4294967294,67
4294967294,99
0,5
4294967278,315
4294967279,316
4294967278,314
4294967279,315
4294967294,36
4294967294,42
4294967294,39
4294967294,1015
4294967294,1
4294967294,1019
4294967294,29
4294967294,28
4294967294,989
4294967294,27
4294967294,985
4294967294,26
4294967294,92
4294967294,90
4294967294,86
4294967294,114
4294967294,425
4294967294,2
4294967294,438
4294967294,417
4294967294,470
4294967294,25
4294967294,1022
4294967294,83
4294967294,0
4294967294,46
4294967293,131
4294967293,130
4294967293,129
4294967293,128
4294967293,127
4294967293,126
4294967293,125
4294967293,124
4294967293,123
4294967293,122
4294967293,121
